    0.4360    0.0259    0.5497    0.4353
    0.4204    0.3303    0.2046    0.6193
    0.2997    0.2668    0.6211    0.5291
    0.1346    0.5136    0.1844    0.7853
    0.8540    0.4942    0.8466    0.0796
    0.5052    0.0653    0.4281    0.0965
    0.1272    0.5967    0.2260    0.1069
    0.2203    0.3498    0.4678    0.2017
    0.6404    0.4831    0.5052    0.3869
    0.7936    0.5800    0.1623    0.7008
    0.9646    0.5000    0.8895    0.3416
    0.5671    0.4275    0.4367    0.7766
    0.5356    0.9537    0.5442    0.0821
    0.3663    0.8509    0.4063    0.0272
    0.2472    0.0671    0.9939    0.9706
    0.8003    0.6018    0.7650    0.1692
    0.2930    0.5241    0.3566    0.0457
    0.9832    0.4414    0.5040    0.3235
    0.2597    0.3869    0.8320    0.7367
    0.3792    0.0130    0.7974    0.2694
    0.5827    0.0256    0.6622    0.3875
    0.4971    0.4149    0.3509    0.5510
    0.9729    0.1128    0.3133    0.0418
    0.7384    0.6575    0.2146    0.4168
    0.6438    0.6615    0.1705    0.8817
    0.7780    0.1340    0.8689    0.7488
    0.7986    0.5433    0.2208    0.9185
    0.5921    0.3462    0.2638    0.9139
    0.4197    0.5402    0.6084    0.8262
    0.6236    0.1767    0.5913    0.4893
    0.5479    0.6995    0.2458    0.1866
    0.1106    0.2741    0.0103    0.6294
    0.2952    0.1873    0.0953    0.2838
    0.2149    0.2856    0.4714    0.5495
    0.8451    0.9885    0.0489    0.2321
    0.6433    0.1615    0.8701    0.2174
    0.7418    0.6530    0.7989    0.0312
    0.2296    0.7046    0.0876    0.0306
    0.3571    0.5898    0.0522    0.0657
    0.0435    0.3952    0.6684    0.1980
    0.8763    0.4324    0.6196    0.2904
    0.6153    0.9537    0.4480    0.2070
    0.4254    0.4446    0.5076    0.5257
    0.0424    0.1644    0.4502    0.7080
    0.7776    0.7771    0.5028    0.9567
    0.3319    0.4815    0.7484    0.8578
    0.4145    0.8487    0.4446    0.7157
    0.0084    0.0252    0.9405    0.1021
    0.6620    0.2833    0.2008    0.3883
    0.9259    0.5703    0.9167    0.7023
