804 612
879 82
715 286
24 542
916 546
204 391
277 471
481 689
438 327
688 641
452 602
475 909
466 646
924 35
783 745
880 755
20 996
732 922
432 883
423 297
243 584
577 821
470 338
748 731
430 550
986 224
70 257
787 497
883 955
76 403
757 926
521 189
426 789
3 809
289 523
767 767
291 910
976 715
993 859
715 767
444 240
176 638
394 607
74 762
984 421
454 313
756 300
702 880
78 852
635 994
400 156
908 471
568 478
269 844
51 865
735 18
581 677
991 420
204 873
891 60
471 145
420 794
427 931
816 663
11 160
326 811
3 495
196 329
426 480
184 33
644 994
737 448
854 893
723 555
389 830
301 535
910 959
325 688
539 365
844 510
848 322
421 716
847 193
184 666
306 380
706 726
208 439
85 547
982 454
774 168
285 370
860 76
643 612
991 563
149 686
791 83
116 311
202 310
79 388
928 788
88 614
268 743
902 70
335 582
914 177
73 663
533 382
274 272
883 130
939 981
240 789
301 52
876 72
765 741
140 515
991 247
822 35
297 538
790 986
937 430
752 516
495 770
261 105
318 777
707 308
799 218
35 927
803 873
739 264
366 533
149 582
313 501
630 1
423 61
117 114
615 727
687 58
601 663
712 835
196 60
930 179
794 744
425 384
331 581
761 985
174 948
832 556
557 946
84 988
657 825
748 128
877 851
413 344
701 859
460 149
209 270
20 581
264 672
62 783
376 983
727 266
855 683
930 862
698 963
843 227
990 541
148 480
188 526
849 248
373 591
894 540
699 774
651 910
135 369
74 715
430 489
822 352
551 937
110 235
313 378
760 736
538 532
741 624
322 768
49 800
46 370
764 297
565 893
52 288
72 233
401 981
93 226
771 563
648 188
344 122
834 219
873 812
875 493
692 173
838 68
237 723
414 986
512 138
454 156
20 309
902 640
465 660
137 119
709 622
413 620
948 454
96 748
292 756
904 303
688 42
300 397
706 688
543 381
636 561
654 144
197 299
722 395
695 342
91 537
574 541
354 941
117 521
134 162
355 156
643 750
346 932
30 467
841 280
52 868
456 805
698 812
189 365
535 4
977 681
337 252
872 890
800 697
874 464
341 732
140 12
127 369
735 443
403 361
849 345
353 284
540 96
779 792
925 349
543 469
554 503
512 994
730 89
641 642
822 52
515 802
951 485
420 745
966 957
423 91
9 303
616 533
246 240
378 808
931 562
162 318
94 798
276 274
792 992
613 701
214 72
564 941
269 791
747 273
722 265
337 193
880 233
203 898
402 302
828 9
703 396
465 629
335 614
522 377
512 703
858 106
844 457
569 501
201 938
789 402
755 939
334 956
26 501
814 394
282 795
83 655
675 279
986 250
217 326
606 232
327 434
402 698
664 153
490 103
313 416
330 814
740 473
171 507
558 209
532 322
706 847
13 927
90 652
841 972
618 365
426 14
515 271
94 346
350 309
880 294
543 720
301 367
780 742
730 322
52 317
125 961
407 311
588 100
610 940
704 862
170 285
133 407
248 138
288 348
764 414
505 848
658 354
767 936
798 397
421 492
704 626
786 658
153 722
619 26
892 148
638 991
343 847
986 209
344 524
491 88
20 719
572 908
494 488
973 768
668 696
946 484
154 789
597 559
194 508
305 796
723 886
643 545
163 532
754 228
55 21
97 146
187 199
104 615
48 724
48 793
31 899
507 988
753 401
181 531
827 665
452 278
459 849
699 174
888 167
942 606
697 149
691 999
267 297
264 378
224 124
21 406
622 826
863 184
774 696
702 293
741 955
188 813
463 755
678 732
232 346
927 490
892 600
179 376
478 578
283 254
754 601
112 468
100 699
908 389
32 6
513 467
72 189
939 875
348 877
610 120
683 338
148 704
920 629
152 298
632 831
264 249
102 969
208 344
527 88
671 155
695 124
254 788
660 639
844 953
573 213
389 317
904 638
959 118
739 329
263 703
840 935
379 104
253 921
783 814
110 439
334 96
350 955
60 306
794 21
958 186
816 453
710 345
302 371
410 666
895 709
33 984
970 882
220 117
292 629
574 635
131 9
298 852
540 251
651 277
137 338
320 94
671 990
448 584
113 590
361 441
614 616
622 555
463 380
92 63
160 776
916 633
819 912
774 38
464 3
927 241
250 831
836 593
267 417
750 477
572 187
619 639
701 994
306 575
428 583
803 928
928 257
88 606
360 664
688 425
398 421
914 578
458 935
754 901
314 790
404 449
61 693
133 88
942 731
524 797
703 823
356 684
527 839
948 997
881 621
509 804
115 747
945 465
731 470
996 266
118 313
45 119
135 320
939 126
176 319
840 652
675 384
417 496
996 552
971 636
408 568
297 894
890 644
122 167
85 17
287 891
713 166
272 103
200 516
722 663
772 71
598 218
791 186
336 383
631 593
138 979
907 66
191 645
214 975
431 703
239 829
839 25
550 84
610 758
475 68
516 982
956 795
133 758
58 770
279 920
543 447
652 461
808 258
845 632
1000 69
591 798
279 151
579 830
708 926
853 382
823 981
659 451
622 565
678 950
983 583
114 30
114 683
886 821
391 95
634 399
27 855
926 833
22 113
654 805
767 425
490 391
36 15
539 677
60 803
222 982
812 165
44 498
870 503
873 401
639 921
186 233
656 782
423 575
957 740
845 736
607 449
603 484
834 816
282 833
981 790
709 113
912 771
420 296
586 204
969 220
865 805
535 366
41 299
403 771
632 311
499 397
905 286
321 480
393 979
604 439
158 237
986 498
472 169
216 292
456 675
626 502
203 11
900 712
758 625
139 995
446 822
450 736
142 218
793 200
735 209
371 555
751 183
963 879
15 549
603 148
734 405
894 949
515 749
290 543
40 620
277 157
264 958
47 925
196 323
876 16
234 471
739 682
698 909
979 533
178 869
477 560
683 237
208 198
775 206
635 148
374 365
213 118
765 93
397 335
436 990
237 400
96 198
106 30
557 861
959 2
799 387
467 832
191 547
840 560
363 326
206 944
291 248
951 243
772 743
968 332
494 752
208 415
348 962
405 726
691 97
341 669
530 122
179 88
556 933
678 130
183 47
296 721
206 372
99 410
979 385
248 629
230 449
945 196
157 251
398 779
125 380
363 529
640 885
181 245
661 187
901 167
207 672
243 667
541 192
669 907
599 899
304 91
250 747
487 714
366 34
576 573
375 998
881 796
351 129
425 730
135 931
211 819
29 73
300 114
993 382
109 260
951 285
251 531
533 520
521 298
867 127
831 438
545 179
176 687
10 528
214 412
305 464
161 351
606 877
679 9
180 45
745 209
41 539
975 56
722 748
262 260
942 179
648 850
891 722
544 976
913 449
970 207
326 564
576 645
973 528
186 849
906 736
357 695
728 618
927 74
266 260
89 765
611 620
398 543
368 554
696 409
702 387
347 380
408 539
944 637
255 630
358 913
927 534
713 670
883 576
182 401
685 917
577 820
572 910
635 384
695 220
501 34
882 910
624 811
828 438
425 744
616 126
389 655
925 973
253 654
654 136
287 330
56 928
768 163
441 106
612 202
351 102
280 296
796 401
320 474
142 653
949 745
249 594
819 602
90 131
953 921
164 126
38 116
41 875
722 115
26 612
224 590
377 981
670 633
158 562
196 64
786 929
731 637
911 620
734 332
970 613
936 216
332 910
496 550
819 216
153 261
465 672
357 914
52 407
343 57
968 824
551 112
936 274
503 637
537 175
370 543
461 692
80 728
246 895
224 611
207 692
891 736
801 149
450 829
532 663
877 224
766 572
322 858
370 933
919 637
495 288
297 361
563 66
803 73
611 486
286 176
198 470
716 829
71 427
735 245
313 536
647 797
410 176
227 633
726 279
605 372
492 812
54 47
855 560
19 430
679 825
576 102
44 895
777 171
941 285
644 802
47 4
394 32
711 470
694 544
718 444
774 626
630 151
44 782
615 577
462 691
524 410
50 964
537 358
537 955
312 845
332 734
97 892
69 675
752 806
509 18
821 944
385 589
18 498
832 557
27 211
816 823
618 18
356 525
914 575
536 712
934 354
474 298
438 747
864 254
493 660
846 2
956 286
992 728
284 575
211 521
406 589
269 3
797 70
988 234
953 312
489 591
989 140
369 180
95 369
957 118
797 780
634 670
249 65
466 585
30 94
32 937
548 66
400 205
328 698
537 956
259 888
556 591
667 1
99 12
961 429
196 36
191 793
240 214
131 265
973 562
557 29
632 471
170 890
725 518
172 906
673 608
418 663
83 266
13 480
823 307
660 919
112 16
94 128
20 606
828 528
153 626
153 280
241 192
561 152
85 264
123 752
783 372
587 762
27 721
788 585
368 308
310 651
228 619
738 666
851 43
317 731
839 500
638 353
140 884
876 97
768 122
438 113
593 235
115 228
595 41
410 508
409 314
580 314
174 577
139 609
302 47
683 216
968 476
390 39
610 923
243 910
449 633
827 140
246 610
489 55
817 732
799 402
566 196
584 321
801 973
308 527
401 862
440 847
555 637
989 854
993 37
134 790
800 222
368 172
910 151
345 252
515 805
807 419
512 432
58 174
810 491
901 101
595 70
65 205
134 929
981 983
16 248
4 559
743 155
507 961
718 256
611 797
79 787
479 414
599 105
601 745
66 666
303 172
726 595
913 883
553 782
860 414
401 92
113 370
156 962
927 342
530 614
78 89
787 429
978 968
6 87
844 796
6 613
210 397
627 680
744 707
162 830
925 562
712 642
412 848
342 187
658 600
58 963
934 800
185 364
518 931
762 638
308 427
653 904
730 208
824 939
180 324
884 321
272 775
682 514
190 188
296 568
356 570
599 540
71 577
145 191
608 945
971 40
807 190
367 456
204 154
481 743
596 999
84 735
394 393
106 290
930 327
252 626
492 783
277 663
718 959
184 402
440 199
422 550
955 760
578 373
906 582
373 285
183 837
528 476
583 740
196 378
125 546
988 206
57 399
747 287
983 816
4 991
921 131
939 300
764 786
492 242
313 454
513 473
331 750
325 299
201 962
147 378
476 348
738 43
311 686
942 334
408 548
354 247
123 712
194 22
217 706
345 309
807 183
710 920
96 705
171 775
98 568
591 413
7 96
526 158
472 485
493 475
792 355
58 622
514 352
902 792
237 521
172 458
564 313
191 766
858 838
430 855
749 245
948 784
382 955
68 586
984 191
717 674
440 204
952 366
261 358
619 236
671 976
122 476
267 22
927 945
785 458
287 534
838 152
315 258
43 761
944 941
797 453
85 920
899 435
177 485
896 373
381 29
182 493
37 21
541 732
19 807
132 815
639 722
962 714
577 140
378 446
123 875
714 410
788 901
327 267
510 57
37 439
859 644
739 987
726 248
338 557
616 952
838 925
584 716
558 491
260 936
883 430
719 481
296 73
646 276
336 603
447 697
563 704
909 980
770 340
1 564
226 866
76 661
826 760
573 978
463 537
891 978
981 407
603 684
433 161
180 907
83 91
841 264
806 404
1 104
93 215
864 613
610 513
856 898
984 855
637 922
233 7
333 775
716 353
555 37
496 457
260 463
355 564
67 565
469 394
275 201
509 248
381 675
493 937
21 140
664 596
871 345
192 97
877 765
393 928
712 911
692 314
470 379
716 71
980 40
274 635
68 935
186 745
459 573
300 68
796 131
980 979
251 965
395 472
414 452
749 596
378 205
38 997
148 240
792 702
506 6
58 392
692 159
483 607
304 598
86 825
402 976
19 930
187 593
863 698
906 448
212 591
740 158
621 129
622 587
629 373
349 360
920 732
120 667
262 938
67 884
998 821
505 487
961 938
757 591
328 61
844 592
962 511
905 281
601 138
598 980
747 817
787 691
994 457
549 299
459 892
722 625
242 844
48 576
820 339
924 74
364 183
660 177
921 233
992 354
849 175
500 461
778 229
11 73
725 218
292 757
395 711
969 648
30 314
200 341
223 594
537 972
834 263
684 690
294 537
28 420
39 946
764 640
980 825
983 998
741 563
640 125
452 459
878 939
296 973
493 8
408 519
364 690
29 95
182 410
488 511
731 429
768 209
145 149
273 88
845 850
584 335
385 220
739 61
225 541
349 827
46 541
411 457
451 79
624 304
110 799
401 361
631 787
191 240
21 924
135 43
190 61
385 193
85 970
46 457
656 123
909 871
262 336
548 899
882 296
571 607
324 863
613 867
675 232
536 679
656 607
841 335
623 3
681 406
696 355
3 629
278 681
501 831
339 707
619 206
726 614
25 845
880 818
753 516
420 726
295 803
222 961
649 379
280 498
815 578
869 939
339 231
732 732
125 220
144 407
172 518
71 740
592 566
55 789
666 587
849 153
760 343
960 420
589 802
157 655
375 504
23 454
566 798
751 214
871 27
762 384
245 87
745 406
304 962
504 847
410 421
32 49
491 704
74 724
471 954
131 55
611 391
482 397
740 212
499 11
686 285
382 944
525 22
104 14
727 62
15 482
927 459
328 929
664 496
421 466
295 359
619 391
760 601
669 684
999 613
982 232
327 918
346 838
368 845
695 662
350 475
247 937
137 859
319 242
283 967
929 282
87 344
919 936
72 309
259 978
533 134
702 330
861 834
249 482
563 119
394 278
452 670
694 949
502 63
255 668
22 133
771 2
910 690
3 611
831 914
368 858
705 282
835 764
504 528
374 848
602 329
676 141
454 569
329 491
790 616
863 98
866 783
894 224
834 119
965 420
714 427
246 980
608 239
419 95
592 105
313 819
181 54
780 639
800 368
603 420
254 516
34 655
38 26
115 724
3 475
579 770
356 124
102 7
410 948
290 688
550 129
329 515
73 854
657 685
645 622
650 856
171 762
523 763
618 33
855 332
229 650
17 603
89 630
715 406
842 553
626 362
534 355
576 955
763 361
758 343
960 282
953 877
65 442
466 120
448 915
620 332
674 724
513 751
201 682
843 247
898 13
511 77
912 398
166 408
738 889
47 279
700 321
227 849
467 235
468 731
424 232
289 949
244 264
757 731
495 884
6 490
559 0
942 376
300 293
854 750
526 379
51 162
696 760
452 89
326 237
220 145
792 139
480 258
422 213
100 957
783 60
673 152
380 811
113 318
59 147
292 142
466 436
117 137
246 649
652 740
999 580
24 489
454 87
507 514
113 561
402 33
269 718
976 881
776 138
405 500
351 925
38 932
672 735
589 130
690 418
68 338
486 193
322 34
329 9
882 327
591 420
566 962
720 631
740 963
559 9
154 935
600 960
639 223
605 784
125 827
879 731
236 815
864 0
536 989
661 907
461 473
434 445
162 493
594 792
295 764
776 925
153 616
225 587
32 369
527 347
549 261
993 21
972 621
334 39
203 258
757 418
701 860
745 218
282 191
1000 307
336 496
209 596
253 664
252 640
641 793
291 506
771 465
793 553
494 445
792 916
152 958
71 450
22 266
726 120
107 989
234 589
382 462
327 664
736 82
312 209
978 861
578 163
137 484
183 235
485 1
88 480
90 979
714 124
271 113
55 164
990 257
160 184
560 586
647 833
856 635
323 75
340 875
52 701
20 572
330 59
992 298
702 581
800 74
317 815
478 741
653 288
801 191
530 798
236 449
22 583
790 813
919 988
257 190
561 449
707 126
543 177
63 868
322 333
664 376
859 740
566 744
236 336
256 733
205 927
520 805
116 720
980 73
796 101
279 292
433 902
929 84
361 244
862 0
396 557
880 446
845 719
475 723
4 144
6 180
268 369
67 422
675 989
625 657
421 900
352 47
470 93
247 252
142 519
624 2
326 776
681 93
863 406
187 849
538 939
957 504
455 370
742 972
582 24
34 775
698 760
164 60
13 840
405 310
775 987
336 755
600 218
340 349
235 824
269 220
733 519
291 636
806 504
898 121
831 355
809 434
194 181
334 375
651 403
745 135
103 142
876 859
805 75
492 365
934 271
735 581
422 703
761 32
723 974
319 95
979 440
227 703
360 50
894 500
594 876
868 703
313 535
846 747
651 772
980 952
965 774
217 760
453 78
301 415
453 984
679 313
539 807
167 222
63 669
61 994
194 306
444 283
986 653
616 397
33 250
581 595
647 211
343 519
676 875
552 665
719 791
23 849
118 108
608 443
388 567
326 25
966 706
38 535
184 31
493 520
576 772
166 271
410 441
530 695
123 631
785 8
931 121
771 461
132 945
131 938
703 912
314 373
228 112
304 897
484 986
466 701
885 143
475 605
913 281
342 925
678 598
770 239
752 261
682 626
333 299
315 800
590 27
687 582
254 789
98 89
948 309
92 983
255 521
239 928
875 90
833 97
826 41
662 335
501 801
108 764
239 677
700 261
404 887
385 835
78 752
851 944
446 905
843 117
395 92
911 981
233 353
245 774
475 170
336 831
3 998
280 940
23 588
10 800
453 275
193 638
234 260
866 821
916 221
832 494
33 416
71 225
905 777
946 785
486 948
632 900
952 386
533 240
242 286
679 486
366 172
223 23
745 122
398 616
353 158
349 344
688 870
748 552
811 470
995 181
61 214
327 956
173 71
840 647
337 973
116 188
839 662
806 207
718 905
992 119
296 388
873 319
89 858
758 610
465 966
335 983
543 146
746 42
174 467
270 786
953 396
589 27
791 785
424 915
594 102
374 615
140 412
505 310
935 781
384 629
793 817
761 895
744 406
941 356
544 152
908 38
267 438
819 709
968 265
604 162
346 622
291 60
970 775
112 591
920 97
847 19
125 159
320 482
429 470
400 914
582 745
553 660
128 436
366 979
945 494
970 998
560 407
718 198
584 285
765 909
886 876
680 102
251 989
202 931
991 95
188 280
371 1000
359 84
156 369
214 658
13 728
877 641
638 547
363 671
808 800
759 500
798 29
618 44
441 218
280 739
405 895
699 838
194 431
432 494
15 752
116 207
210 428
112 177
481 23
370 909
367 205
973 802
256 495
723 501
359 115
869 710
467 967
592 96
600 860
523 767
508 247
71 887
841 554
733 588
420 89
793 84
819 100
667 575
1000 197
266 265
733 877
506 79
694 276
972 923
386 944
645 198
345 102
426 941
742 32
9 700
246 592
631 694
582 116
603 145
415 536
548 822
625 727
292 703
956 812
702 199
995 347
542 646
997 87
232 900
909 418
307 893
125 734
605 410
182 266
388 973
743 830
983 373
67 892
589 576
177 229
105 658
829 999
45 363
518 449
772 619
55 633
901 265
593 840
406 738
831 200
869 592
778 762
85 502
193 909
12 780
694 239
253 117
420 677
879 220
265 210
330 341
990 725
353 313
831 89
775 205
359 279
506 185
215 740
660 282
954 398
402 396
792 828
722 175
996 338
245 279
523 956
882 893
729 231
912 449
163 36
421 79
290 451
381 845
574 627
313 469
725 635
678 558
762 684
87 79
853 953
964 263
55 893
179 444
514 444
255 850
327 705
628 511
578 74
155 624
447 301
175 487
837 928
198 379
378 315
144 28
19 404
662 256
60 819
595 296
82 167
762 910
134 839
450 498
488 374
417 688
669 519
805 434
802 804
921 653
520 627
661 383
350 429
523 494
852 296
818 831
700 981
694 0
533 398
555 775
304 872
60 94
394 9
56 750
670 951
213 125
175 682
967 601
806 601
953 251
844 433
360 255
740 213
706 468
709 78
598 565
301 715
639 139
474 795
327 335
869 709
493 99
531 96
4 207
904 416
723 283
209 436
232 841
305 632
570 798
518 197
309 971
236 541
440 845
440 128
187 35
226 218
887 164
464 262
615 430
121 299
963 748
323 675
893 200
306 98
822 667
90 320
854 438
381 863
136 769
739 702
339 699
205 198
354 640
557 828
924 193
194 889
675 528
445 242
785 208
694 906
435 52
698 780
249 670
831 925
10 906
340 16
262 806
874 807
545 688
638 34
930 276
970 274
255 364
167 780
537 59
25 873
994 396
899 223
261 86
271 712
377 986
361 793
512 375
211 787
894 940
2 980
110 362
732 671
293 325
915 676
279 520
260 225
674 471
344 681
490 885
89 347
970 244
503 283
94 493
719 581
850 171
501 856
63 225
476 277
802 115
83 390
219 693
769 378
786 43
183 790
735 837
149 674
940 627
760 68
758 595
84 949
963 361
379 971
496 205
305 375
344 65
270 308
509 570
956 856
721 242
833 917
443 58
136 333
927 603
799 235
658 635
717 315
112 513
404 76
956 871
703 183
653 279
883 945
484 162
801 734
411 504
566 405
163 648
825 232
204 289
253 360
3 918
794 506
765 111
997 721
335 57
122 867
564 126
123 390
298 860
66 510
783 974
937 324
684 976
296 913
790 759
246 543
589 387
485 425
361 0
877 855
733 445
36 83
255 169
917 694
556 231
723 269
704 173
958 317
882 454
943 75
853 516
13 178
124 238
895 834
145 973
459 83
149 312
8 932
885 718
118 500
664 0
466 3
620 928
4 545
158 56
495 892
829 161
476 899
111 374
335 999
376 236
543 852
341 913
378 653
824 437
488 899
2 167
162 39
828 127
276 812
558 671
228 1000
489 710
840 234
458 307
399 828
823 995
682 702
226 706
43 591
199 903
45 351
11 780
56 810
892 115
674 826
844 898
661 987
791 924
459 740
778 179
673 498
52 309
344 312
16 821
984 127
326 77
240 782
774 430
509 500
999 191
923 736
856 862
671 477
875 164
425 740
967 129
788 885
860 969
419 257
238 583
573 608
446 392
299 401
980 169
709 579
894 420
716 956
588 969
37 488
898 252
626 738
477 241
995 985
405 762
752 950
910 345
692 660
677 141
716 531
947 983
737 37
866 665
595 67
44 331
300 221
172 682
862 966
620 457
469 24
587 144
769 469
336 424
352 794
258 624
958 931
868 370
541 180
355 129
504 709
672 370
232 31
431 545
785 181
287 886
61 7
736 549
454 586
510 798
521 850
809 919
692 378
206 226
895 1000
416 890
606 341
59 135
679 76
789 65
11 709
260 494
524 758
875 372
140 555
931 304
695 315
512 659
999 474
450 338
655 20
70 604
750 146
401 657
145 961
915 738
130 623
404 263
205 439
939 788
211 141
339 64
488 750
35 772
402 19
553 780
592 806
501 496
645 255
901 330
617 641
320 761
318 84
504 240
177 190
165 628
344 921
697 45
275 793
883 556
989 941
495 946
150 540
173 639
65 414
102 240
486 718
432 785
400 230
343 766
557 462
422 700
465 791
300 211
337 607
319 12
870 882
113 403
549 570
70 24
655 127
282 843
404 676
67 570
80 263
442 244
190 315
906 200
376 339
882 670
339 839
612 993
201 936
572 726
494 141
295 345
626 719
902 729
172 625
466 444
14 994
246 950
76 899
412 270
496 422
188 484
850 931
135 687
464 454
263 268
765 671
487 295
881 879
591 191
55 750
403 995
281 597
619 857
905 1
656 434
412 190
141 566
382 769
661 250
829 712
21 224
297 925
98 687
114 994
924 9
965 793
985 602
892 802
852 412
621 896
383 441
632 501
298 476
355 846
45 299
85 782
686 594
841 922
269 664
845 761
310 177
94 98
186 387
895 262
316 611
829 174
247 85
312 791
490 64
950 522
38 208
865 116
424 459
371 13
630 371
558 81
338 830
384 847
805 802
503 49
347 580
291 414
257 943
593 867
867 851
320 863
908 701
492 529
301 756
675 721
712 293
507 982
231 482
625 997
624 781
665 625
297 116
80 388
758 667
745 710
134 865
447 965
230 479
765 947
469 841
418 118
764 707
163 392
875 975
82 227
383 442
455 761
800 823
262 40
13 566
316 876
1 665
570 929
75 453
772 293
208 221
261 365
100 94
837 495
286 383
108 958
270 14
146 671
861 505
2 229
497 686
61 923
351 636
597 313
9 800
308 184
410 571
11 459
177 284
549 678
307 7
141 975
561 453
555 150
441 643
528 601
271 728
890 747
706 908
48 596
855 187
160 291
199 793
785 878
201 665
537 855
581 366
615 570
615 961
280 533
618 589
984 80
309 542
628 396
37 244
242 934
276 329
920 98
278 230
833 266
688 531
690 222
598 147
859 7
530 362
749 118
713 928
973 175
279 508
98 537
834 909
754 395
663 552
353 16
425 739
969 792
411 77
48 769
13 785
451 178
951 314
691 311
111 307
501 718
560 653
833 481
890 175
66 496
874 293
124 753
820 342
380 272
712 773
368 744
922 338
77 133
477 288
582 752
99 360
64 134
707 786
284 436
943 8
48 986
603 325
269 446
531 394
751 197
879 496
771 878
521 602
81 904
844 332
870 583
268 235
13 953
234 346
732 278
474 713
418 362
275 536
455 563
77 348
819 590
316 411
299 437
879 461
375 667
708 724
985 46
512 794
515 47
569 610
457 622
595 848
99 215
556 95
210 334
526 519
105 60
639 108
974 32
531 290
475 491
148 563
292 696
46 396
921 245
333 20
403 917
360 440
670 358
429 496
323 719
87 400
819 54
733 979
257 538
314 918
477 426
300 719
541 203
872 361
673 435
175 360
142 757
552 241
864 104
441 631
830 251
481 85
816 203
407 837
835 12
554 625
138 689
878 193
161 461
896 339
341 738
861 138
678 448
607 442
256 226
655 143
918 996
6 665
887 181
903 112
709 89
100 611
855 862
394 0
413 303
586 99
680 687
917 846
846 139
185 304
645 351
918 599
353 345
373 603
707 768
874 154
340 65
197 344
264 170
290 909
633 139
310 775
991 547
428 980
498 1000
227 753
836 673
230 656
413 987
876 162
52 951
328 408
263 170
132 570
974 563
991 755
705 987
730 485
742 917
728 356
447 300
672 870
359 702
216 184
382 190
75 207
525 75
44 290
333 704
207 49
282 815
580 138
321 835
287 849
486 72
106 369
76 865
40 672
183 40
681 777
326 270
702 246
79 235
779 737
905 958
727 687
191 770
58 48
875 888
849 673
254 536
609 52
130 282
422 819
41 237
465 905
263 2
747 430
907 799
89 6
217 121
182 997
453 435
722 681
274 143
19 738
901 943
186 651
153 737
352 13
867 893
405 59
745 293
892 422
235 176
851 808
810 369
280 593
495 384
459 847
796 617
526 536
533 968
820 640
605 151
553 990
554 289
662 70
517 374
997 605
872 719
262 590
249 733
362 395
839 143
197 720
933 907
509 734
920 69
351 122
501 393
874 917
871 197
229 666
31 2
288 617
474 880
80 748
493 789
22 168
796 357
562 630
523 708
994 203
599 433
238 11
583 283
611 139
307 113
56 581
825 57
145 788
811 803
609 978
205 593
628 588
975 712
116 710
743 209
543 500
441 270
250 109
431 357
456 507
291 549
925 79
424 525
22 504
260 1000
444 29
420 205
254 817
966 788
199 158
268 739
442 554
684 221
850 817
137 979
137 358
482 21
817 452
402 133
97 159
363 842
553 35
346 926
453 421
988 619
365 323
484 273
353 753
559 490
191 140
194 224
231 414
137 347
324 406
144 111
435 173
56 129
688 933
311 518
256 776
991 416
42 444
668 408
757 382
582 877
712 610
838 285
150 260
401 768
421 459
37 50
243 866
166 414
773 654
885 137
282 766
264 402
339 365
747 152
821 364
968 784
966 783
15 286
471 978
160 451
97 888
829 167
49 810
49 765
174 409
537 239
415 975
306 561
843 637
256 299
167 63
329 205
351 692
154 507
778 573
230 414
212 337
505 201
196 651
784 332
987 375
53 180
971 401
382 367
920 188
944 765
128 32
391 889
711 900
793 895
803 329
610 674
184 609
517 353
367 142
350 434
759 920
69 236
445 155
193 915
265 493
526 465
516 807
674 915
344 698
889 151
497 670
558 998
228 87
230 695
64 327
123 414
339 407
813 828
676 41
210 706
202 476
168 196
810 543
661 350
674 292
408 40
799 850
564 440
378 765
344 901
953 793
354 356
847 582
81 583
219 758
479 322
635 869
304 718
766 914
432 690
52 123
15 414
454 947
418 176
772 775
285 223
396 457
464 56
459 670
726 244
316 125
404 417
963 706
216 324
125 278
235 119
932 808
346 158
919 642
954 849
757 337
880 412
7 488
264 218
999 674
244 758
397 354
329 79
536 113
437 929
593 715
706 490
816 801
999 254
673 403
195 131
551 636
510 25
336 396
331 646
666 273
95 2
970 968
604 202
655 786
914 763
106 239
350 875
556 690
777 43
464 149
706 652
119 58
643 551
527 467
297 343
252 838
74 617
485 9
37 190
157 611
542 175
759 74
347 396
746 624
854 753
908 364
158 296
917 222
308 221
532 999
990 810
789 650
792 226
632 44
189 622
372 367
779 25
467 884
917 165
643 492
147 403
430 40
785 837
519 475
423 454
887 232
545 111
29 182
432 470
875 954
264 248
344 205
914 297
613 993
185 514
449 822
905 570
392 14
739 926
185 517
548 520
75 560
516 721
22 197
477 491
408 729
748 397
834 717
448 357
196 21
382 722
170 197
138 865
286 916
175 414
37 955
142 807
289 177
262 374
842 940
764 272
388 598
152 759
849 237
689 493
138 950
712 645
297 312
414 134
378 351
715 522
572 324
936 845
690 121
322 558
633 850
814 946
749 188
212 75
552 730
565 158
342 356
876 996
608 965
734 48
934 493
294 507
425 646
941 544
273 793
327 717
386 579
651 91
472 573
913 873
74 849
201 943
40 918
76 135
813 773
80 407
100 462
851 847
48 27
377 315
158 543
488 850
785 311
931 336
113 635
754 459
628 174
208 337
763 496
64 352
104 215
480 413
320 148
509 789
130 993
458 111
884 327
703 781
152 621
154 409
943 531
638 153
627 716
218 498
594 662
60 465
131 611
613 16
465 413
836 751
49 267
186 64
340 939
252 502
308 170
452 508
371 718
59 773
647 252
541 448
710 398
123 855
289 323
505 311
401 393
934 198
311 60
132 271
297 131
406 303
228 795
950 315
609 819
949 682
380 915
986 529
236 400
240 979
370 555
479 97
762 655
642 195
281 912
202 201
619 420
54 258
318 492
843 962
736 152
934 31
460 920
4 429
723 847
524 241
999 767
766 36
342 481
987 656
218 51
879 271
660 635
990 774
391 934
222 428
259 418
558 714
155 526
500 696
746 717
582 1
657 779
380 259
290 759
23 956
311 590
31 184
81 215
870 763
742 721
74 269
992 838
252 325
125 561
441 52
166 29
46 301
66 586
137 443
895 598
142 399
218 452
36 323
516 376
883 288
331 626
837 595
558 700
333 917
662 258
694 435
727 30
286 570
237 675
425 347
540 611
238 580
65 456
429 615
212 393
582 120
965 475
490 599
390 87
71 182
638 519
668 739
111 410
520 4
186 975
918 899
120 552
484 808
931 545
285 777
615 679
676 68
261 388
182 261
511 753
347 624
131 447
292 478
516 443
702 100
925 345
16 434
503 340
43 665
791 431
112 287
150 470
282 928
232 268
726 943
425 272
633 215
464 318
32 438
698 677
109 690
546 945
737 316
810 592
669 709
66 497
121 727
530 13
434 182
550 72
370 142
388 561
523 509
562 199
12 228
567 890
52 616
438 577
989 591
548 370
703 252
390 996
414 306
932 26
445 872
565 768
767 787
308 888
537 428
934 226
619 936
390 582
371 697
427 820
211 182
376 812
272 521
985 104
605 687
105 200
434 850
551 265
845 481
976 523
756 524
43 939
993 911
688 873
375 118
32 344
819 676
916 245
567 393
943 64
583 738
93 87
510 959
349 461
168 871
117 486
33 928
526 951
304 210
982 53
526 5
859 512
541 553
218 667
996 275
149 539
519 187
377 538
36 616
192 114
873 380
528 764
851 624
713 203
509 120
9 629
57 34
838 759
223 64
189 549
8 15
905 730
817 552
480 511
604 107
74 8
418 639
879 291
884 734
629 968
995 501
170 751
795 295
264 979
157 359
449 902
836 22
638 926
620 765
380 890
490 274
516 127
20 496
721 850
404 474
957 519
945 199
798 675
213 385
912 451
768 600
141 506
588 211
30 408
682 591
129 557
594 806
722 316
741 480
852 552
65 138
718 271
768 969
360 986
388 30
770 848
384 192
39 79
573 584
77 547
699 236
390 609
282 118
411 83
103 441
300 172
434 208
695 85
178 474
447 444
620 354
50 845
268 148
894 495
452 262
625 188
438 699
699 348
168 256
80 162
241 107
101 622
172 722
303 264
160 10
604 347
531 935
642 613
256 168
115 715
646 494
499 415
461 945
212 726
854 141
196 520
767 499
566 561
770 404
239 682
761 960
152 280
485 444
676 129
400 908
219 320
534 921
297 65
740 776
941 302
997 802
234 575
87 457
401 789
320 373
755 569
826 677
43 581
541 986
896 729
67 110
44 4
342 308
107 266
70 402
237 930
274 706
494 115
938 16
403 794
176 980
351 560
317 437
796 835
921 331
834 94
821 394
48 212
459 548
416 582
679 363
700 423
115 577
901 412
208 71
175 366
617 858
67 264
981 15
802 828
159 361
53 540
20 993
475 755
629 104
521 343
480 177
261 409
850 541
485 911
616 893
543 503
301 904
628 891
662 675
829 60
792 752
813 418
598 812
912 867
764 299
219 973
53 830
366 524
609 832
114 166
921 65
898 440
941 126
669 921
818 629
283 892
893 176
604 472
36 522
914 493
1 35
863 675
169 532
525 401
647 924
499 679
761 184
615 705
627 328
374 48
690 902
388 852
453 742
848 256
91 875
271 466
492 824
863 84
901 545
523 13
820 262
439 62
751 76
582 530
964 8
0 985
457 309
57 792
772 164
991 911
786 321
816 385
942 193
598 738
327 534
349 144
439 644
722 288
243 882
300 129
302 944
357 267
69 678
984 854
967 141
273 606
638 369
720 257
331 247
541 743
944 102
335 82
936 320
13 863
361 6
513 129
514 305
382 518
53 985
917 919
663 607
298 753
7 355
283 505
327 624
267 822
17 738
214 549
41 626
908 929
744 464
228 193
465 624
834 652
715 362
765 593
815 197
913 582
971 683
891 380
584 524
618 619
795 499
463 554
232 153
304 95
690 304
980 935
471 757
450 675
969 913
894 634
770 706
250 35
241 219
976 589
476 590
544 566
526 191
6 362
451 566
214 246
490 519
51 685
220 233
17 488
774 291
22 11
596 124
172 209
223 72
565 678
927 835
12 951
986 198
180 49
832 583
661 21
402 23
237 103
478 704
262 413
190 974
617 418
138 208
858 323
144 380
698 488
58 933
273 487
685 670
62 132
138 163
505 412
695 687
514 400
533 879
382 271
627 214
899 438
115 605
154 291
98 277
735 89
762 252
273 961
857 442
826 999
584 787
130 576
374 761
590 340
495 942
495 101
250 781
541 475
355 376
139 330
216 872
940 338
287 82
235 321
480 701
40 277
857 715
496 983
64 130
885 734
780 845
650 356
730 414
283 939
83 202
202 521
151 495
116 529
851 156
101 640
247 915
638 244
378 669
944 404
914 4
201 956
700 533
771 575
683 833
650 692
812 225
201 13
511 582
539 270
922 119
821 920
10 166
384 715
196 205
824 383
827 190
312 556
166 844
98 453
939 761
279 978
122 786
982 116
197 287
146 2
438 836
344 350
217 176
114 859
722 849
378 764
528 128
178 508
416 772
491 143
43 273
668 50
376 896
526 607
98 169
912 927
909 654
930 757
474 982
536 314
185 844
794 887
480 107
173 946
279 463
789 919
199 123
345 931
470 831
568 938
291 974
58 975
793 861
25 932
542 131
372 962
193 496
485 685
198 981
694 974
967 292
474 37
989 642
97 132
613 22
283 308
427 722
68 624
82 341
396 421
821 948
27 649
663 458
939 791
505 795
891 220
402 78
613 300
157 406
910 250
487 464
468 635
971 437
386 813
377 782
481 929
227 133
282 472
149 189
639 840
859 344
771 712
754 603
711 945
24 655
488 432
236 134
993 554
248 109
375 442
251 837
947 224
622 546
440 451
879 79
900 746
422 201
23 560
246 984
961 972
722 112
375 252
725 220
72 629
180 510
825 588
716 165
185 416
541 807
650 250
652 701
483 135
29 239
784 978
669 781
750 75
989 7
174 661
702 661
956 176
333 110
689 766
686 466
728 218
157 256
358 643
60 852
142 929
676 748
842 756
993 266
936 244
412 487
544 898
429 390
909 12
411 633
414 999
188 848
519 845
171 694
872 969
748 395
159 153
14 398
951 294
554 490
755 331
495 602
350 102
425 77
424 224
319 471
73 737
567 445
533 253
548 750
754 903
403 463
61 695
888 365
172 171
980 754
530 789
13 255
752 231
453 323
723 627
366 145
424 888
617 170
499 445
161 577
544 334
727 168
111 366
472 270
18 29
382 458
29 750
296 988
599 336
712 253
354 133
66 324
265 652
547 88
541 742
470 633
822 450
401 934
325 160
842 977
239 761
989 798
686 14
423 468
427 285
29 694
729 475
95 87
560 855
345 180
264 207
952 948
721 878
826 218
703 682
150 574
655 535
161 215
675 964
262 356
42 889
421 942
897 538
78 705
279 149
104 903
909 62
88 182
35 858
876 392
816 579
511 833
916 525
150 803
518 713
514 990
685 34
21 944
617 207
429 718
854 300
359 653
675 20
894 104
110 475
788 138
917 644
348 340
114 115
810 724
813 872
632 524
995 592
744 494
981 210
952 843
609 733
330 484
567 435
787 466
542 370
644 6
594 268
333 676
669 479
97 228
525 949
505 685
514 5
713 990
683 486
369 6
19 173
458 503
75 500
222 185
295 329
308 159
822 819
671 636
945 37
728 659
412 625
566 248
489 783
457 72
555 361
369 478
385 529
900 795
614 638
407 846
193 126
266 308
358 333
178 402
387 473
811 957
825 470
205 939
386 199
495 60
775 501
858 486
376 487
943 985
602 736
547 618
288 608
767 624
865 975
539 241
426 827
463 722
444 979
786 978
856 107
500 280
214 511
930 922
467 147
588 866
291 877
298 842
997 76
321 507
929 228
178 58
163 338
588 36
537 436
976 628
538 592
705 267
321 404
730 667
428 917
305 901
398 111
307 527
533 160
790 603
661 833
403 122
578 843
460 979
538 210
990 163
912 437
953 284
658 73
29 369
454 603
454 44
191 65
432 867
281 442
667 445
668 293
559 251
514 203
690 387
533 848
268 923
197 326
750 676
769 507
960 619
675 121
118 263
818 874
818 168
692 82
286 345
824 405
1 929
254 173
387 547
495 205
421 810
406 760
906 842
232 822
263 518
891 569
657 417
808 905
809 997
292 207
629 976
999 616
636 934
582 101
694 232
114 987
27 768
828 73
698 558
21 337
220 747
474 707
500 94
301 91
120 33
534 280
676 428
839 735
328 199
245 817
827 584
974 649
481 500
869 35
148 351
356 988
801 374
913 348
478 28
378 82
464 283
130 395
96 210
828 643
8 62
262 814
764 513
764 206
105 479
314 422
657 726
90 45
221 795
509 549
148 603
618 471
345 799
875 545
276 723
340 336
730 125
14 430
566 556
182 334
679 4
537 365
402 509
993 115
666 11
975 7
243 758
210 712
544 265
961 733
506 979
252 179
114 607
915 991
143 950
789 335
121 83
423 12
524 743
747 965
229 306
236 287
644 638
658 400
328 392
329 542
53 933
771 6
224 361
116 303
140 808
836 330
698 86
415 616
915 189
697 882
292 178
836 873
332 908
24 485
334 269
807 39
959 140
282 488
526 993
229 943
394 59
429 272
655 370
830 196
750 3
163 423
772 788
766 988
362 765
21 947
667 384
612 77
816 613
46 613
466 601
396 18
663 45
508 60
161 584
682 569
572 840
22 573
172 446
377 879
607 90
279 480
68 255
105 883
549 61
92 883
591 68
589 86
555 647
41 411
282 64
193 571
219 551
149 203
936 369
706 700
638 588
34 29
967 437
808 781
443 736
609 236
916 789
222 244
337 475
155 819
365 928
599 820
263 787
529 408
324 249
345 20
109 19
112 659
991 245
629 717
387 933
889 394
602 108
48 235
375 368
431 367
450 432
141 622
734 140
111 832
735 847
295 882
647 371
530 110
267 67
48 655
585 735
847 515
692 530
143 897
744 336
0 663
183 921
239 236
791 787
497 8
787 422
232 374
561 839
196 209
711 935
806 670
91 912
348 79
875 1
828 910
80 724
64 702
527 964
863 608
768 97
210 601
1 131
457 398
295 108
631 758
478 447
854 816
301 667
415 590
828 164
182 125
807 732
188 153
619 613
390 581
262 782
391 276
874 488
196 764
285 530
396 494
272 164
679 91
3 760
972 364
4 174
830 477
225 591
577 786
959 187
411 881
818 147
658 385
14 323
95 696
772 171
205 715
426 776
542 730
979 988
4 387
798 654
883 970
623 918
936 404
811 759
190 261
36 770
690 159
555 13
344 388
14 40
930 625
143 145
715 304
479 44
57 80
411 745
226 914
447 933
858 553
86 398
490 527
825 91
699 260
628 742
477 771
613 257
762 518
728 820
216 19
673 6
556 103
921 367
868 238
961 260
779 192
416 698
710 322
875 852
749 157
605 440
454 396
241 816
628 388
332 713
507 738
519 130
596 752
832 641
686 220
301 632
750 915
309 796
534 908
571 44
94 680
449 929
633 621
68 479
746 641
269 505
286 915
396 412
767 928
193 593
628 90
166 754
335 532
191 718
639 837
342 165
161 943
860 373
843 151
594 425
405 11
867 720
482 869
778 822
999 776
107 114
512 919
512 476
197 676
327 757
55 95
661 672
258 736
648 278
902 1
708 232
544 402
908 659
449 367
873 714
235 837
730 325
270 826
642 706
661 275
830 359
594 5
727 883
800 123
747 420
286 32
547 431
554 880
293 647
331 355
538 841
33 483
501 159
106 545
74 146
533 82
899 571
795 443
424 729
575 390
371 809
482 307
686 560
653 241
970 810
821 765
184 657
386 118
868 355
176 126
937 95
714 667
907 658
600 928
583 776
937 104
72 591
208 58
588 559
51 561
3 694
6 710
387 320
730 291
337 224
931 713
618 115
451 990
415 571
275 803
754 457
572 576
539 680
738 563
151 550
523 12
89 145
874 351
907 514
865 956
144 773
129 578
418 448
311 828
312 902
240 611
313 870
466 253
668 355
209 362
335 322
644 716
395 916
82 823
343 826
876 528
345 66
473 181
766 903
737 190
896 554
956 83
665 577
335 973
47 664
537 875
248 446
766 35
470 620
769 251
262 521
674 789
187 976
400 20
796 78
335 626
680 774
801 125
106 278
531 267
521 91
533 243
752 353
720 107
972 764
168 653
260 454
298 17
887 316
230 929
709 588
858 835
913 500
879 555
521 620
166 79
848 532
979 330
556 584
546 209
909 11
231 852
288 118
90 270
40 498
827 910
2 850
891 204
10 360
959 495
137 444
194 714
278 997
621 71
489 30
454 749
821 881
293 545
241 240
258 635
61 581
315 374
62 315
403 856
609 528
122 14
394 107
711 527
983 362
763 365
698 512
272 579
609 187
865 622
132 699
186 962
337 408
997 975
245 874
377 513
211 566
434 456
829 833
620 424
145 224
863 353
224 942
171 529
474 124
693 89
914 475
440 140
89 38
380 54
17 148
808 106
36 333
539 913
574 127
976 282
81 812
530 136
562 607
990 738
853 786
940 663
179 904
143 251
143 877
541 58
946 482
49 404
641 584
510 788
934 301
729 389
275 160
902 759
475 221
632 629
524 630
561 655
907 464
998 676
529 31
689 528
415 679
976 822
734 590
295 536
168 778
405 40
326 320
348 13
567 545
926 154
17 141
183 824
183 231
646 403
61 348
149 391
707 76
525 237
284 267
571 508
101 139
437 291
955 682
960 293
465 588
30 690
148 611
312 510
639 549
21 474
646 360
667 430
867 621
743 635
100 588
945 203
374 943
982 48
685 229
348 357
352 608
310 455
636 246
59 414
648 337
760 875
446 633
469 213
710 147
250 728
108 943
976 664
362 587
842 881
383 457
844 589
918 460
576 147
852 984
249 982
943 316
817 565
156 591
174 410
123 900
469 325
90 81
970 506
293 579
311 237
611 484
776 15
334 310
761 10
300 898
706 925
290 992
664 519
69 933
527 802
603 149
780 977
955 390
110 338
781 972
936 735
421 435
494 859
354 333
707 796
134 984
73 261
30 708
34 421
142 898
63 286
736 311
976 906
826 262
445 552
137 335
339 592
690 933
30 599
877 741
989 647
474 8
898 694
439 416
593 761
629 656
861 745
20 105
533 461
47 581
13 768
99 639
288 449
589 2
286 549
666 407
479 174
284 963
746 146
985 301
638 593
905 763
532 166
257 743
682 247
556 151
497 507
351 480
281 92
544 161
102 132
43 750
16 266
714 266
623 771
256 536
42 851
300 983
886 83
553 352
245 644
908 483
160 100
969 261
190 260
376 160
911 913
21 889
170 325
189 35
372 313
635 27
709 331
606 951
68 751
695 87
401 468
854 882
863 123
343 133
661 424
526 878
390 758
320 233
265 101
375 70
838 858
51 436
68 638
930 369
198 142
900 390
178 495
518 564
696 523
65 784
562 238
672 493
752 795
140 275
141 956
722 582
437 101
107 911
114 178
186 295
239 593
389 861
211 222
