284 165
981 462
712 227
900 12
12 354
94 276
955 601
208 509
582 713
378 43
228 815
514 290
219 552
398 649
609 299
220 953
519 567
234 474
446 47
284 414
416 14
306 869
199 269
54 207
744 490
863 314
988 267
168 265
794 69
939 673
301 985
284 13
584 70
895 661
303 764
758 936
792 456
920 573
633 785
522 721
827 151
435 261
925 201
698 810
947 868
531 686
414 854
1 946
335 708
698 325
607 269
654 723
831 921
425 114
722 776
559 549
448 866
875 77
417 725
918 394
202 305
293 11
522 429
117 343
465 673
706 703
303 998
267 705
752 533
879 195
644 405
296 93
538 38
591 848
323 275
744 953
924 370
569 767
197 710
787 103
1 176
257 536
3 903
769 42
652 799
999 895
968 422
911 974
970 438
163 132
642 645
662 633
189 924
185 803
406 55
190 821
999 513
377 274
158 564
801 496
362 138
783 767
544 398
146 378
347 391
40 403
774 738
78 533
80 916
229 922
263 310
450 900
451 46
270 630
565 962
58 854
720 485
973 424
629 603
461 686
977 925
908 265
857 527
835 862
638 374
964 685
218 836
735 459
827 5
376 509
171 937
648 52
154 493
318 301
193 95
891 599
328 784
87 575
914 25
933 326
403 49
422 383
704 50
511 959
597 254
763 495
428 548
103 16
947 995
324 408
803 560
806 780
569 56
700 622
334 109
6 265
491 393
603 280
620 730
732 691
753 222
312 431
661 9
258 941
660 492
580 982
983 259
541 931
908 490
984 11
379 361
566 449
473 87
273 338
442 703
276 416
196 26
83 455
600 400
109 664
216 239
719 569
712 187
952 366
43 801
526 669
85 719
170 215
136 400
887 536
138 508
316 796
473 446
547 79
55 988
403 423
902 490
461 26
210 977
392 180
447 524
600 686
749 503
940 154
605 525
805 91
679 630
310 650
919 199
57 44
651 903
742 649
531 577
854 55
965 208
75 105
186 706
258 855
833 200
285 641
637 781
983 391
525 819
620 554
289 203
880 242
290 785
5 597
799 535
666 920
60 447
207 973
685 98
746 268
997 848
355 237
104 86
379 978
819 369
983 328
658 4
879 348
437 169
295 565
22 999
171 246
541 110
612 201
688 819
160 446
12 214
620 771
677 185
72 562
628 857
558 389
735 810
367 153
460 679
669 415
355 52
906 672
446 918
584 574
472 643
177 195
470 327
951 687
429 665
477 36
34 634
500 379
523 653
871 340
191 934
964 348
13 386
986 993
951 785
56 817
327 219
310 49
238 594
367 448
706 402
152 324
743 723
523 794
998 226
102 951
86 552
91 959
514 559
470 124
189 491
627 244
517 764
225 149
885 564
38 154
65 854
191 713
729 178
430 761
343 765
288 877
383 335
38 163
704 293
982 917
210 82
706 847
780 535
358 474
361 454
507 669
56 841
418 304
532 870
511 253
846 816
31 23
462 68
373 252
859 549
48 866
726 592
434 263
647 380
165 181
212 756
926 31
61 431
597 146
100 606
790 509
639 70
749 439
606 320
130 882
375 471
103 331
918 113
757 23
244 254
119 994
642 909
944 33
693 831
565 106
531 515
396 313
96 482
560 972
151 68
669 401
158 646
559 813
601 830
692 692
687 320
470 337
955 229
71 163
475 774
442 930
578 22
155 459
874 993
165 61
842 209
622 855
329 921
400 71
787 693
368 625
112 774
366 546
632 61
647 335
540 403
100 581
670 244
721 497
105 746
858 124
113 853
698 168
439 986
892 714
461 62
65 800
373 487
712 975
20 978
158 102
567 676
623 301
951 496
129 441
421 297
888 799
647 422
560 8
34 579
483 126
227 267
528 97
381 481
305 957
742 560
549 122
953 155
625 791
49 823
774 47
499 747
34 509
905 231
62 763
999 341
585 942
30 896
487 513
933 209
318 414
934 106
989 778
793 697
22 69
575 209
685 529
101 756
49 4
302 847
819 333
503 972
917 133
163 401
555 915
826 409
886 488
348 837
170 670
228 713
999 67
80 189
693 508
967 749
89 358
983 606
950 453
987 806
644 365
517 249
646 633
41 606
208 815
852 864
782 247
386 542
128 886
238 74
493 834
205 376
114 834
701 698
249 985
1000 895
216 612
450 663
415 923
350 586
537 177
185 431
315 649
777 294
796 70
967 735
926 231
503 965
126 719
396 974
346 289
15 291
224 717
480 114
801 785
154 255
528 635
356 962
585 638
766 368
986 369
697 437
970 893
832 876
572 921
773 8
866 698
744 291
100 681
249 113
763 814
68 168
433 330
911 291
981 116
731 857
642 203
866 992
61 165
698 928
269 362
144 18
642 305
952 649
443 278
827 442
519 981
921 382
314 241
336 836
82 96
264 801
320 142
708 932
655 736
431 234
743 180
520 7
760 321
263 171
339 779
800 247
124 952
658 288
917 928
557 817
534 63
650 614
723 36
796 438
542 253
288 586
841 548
507 783
161 369
233 999
386 91
134 177
958 845
528 730
64 417
943 310
473 147
908 257
251 987
675 22
472 540
567 28
588 761
932 655
116 120
280 57
400 921
744 200
227 956
504 610
376 919
478 196
433 410
521 791
969 312
735 65
464 608
573 796
118 394
154 276
38 871
374 507
273 942
430 441
840 480
125 362
343 663
987 38
464 882
680 137
366 620
40 147
965 337
906 0
856 875
938 317
461 161
897 920
861 455
414 152
225 848
245 503
793 153
728 410
448 775
174 486
175 476
457 101
252 564
491 686
654 500
653 891
336 365
151 327
100 608
708 938
233 416
674 774
105 974
237 24
89 900
258 32
585 540
535 758
456 821
521 272
575 90
102 907
247 53
184 627
103 618
655 476
587 696
277 920
567 271
27 948
843 782
403 548
467 189
693 662
503 158
661 291
276 458
956 15
738 742
957 290
299 54
890 330
214 554
250 851
933 675
54 67
845 407
186 628
26 961
351 809
960 249
579 247
964 837
249 307
928 301
165 692
30 701
530 277
508 162
62 367
787 921
735 514
719 708
69 95
975 622
113 117
321 767
123 695
197 324
769 940
186 285
810 396
1000 382
893 887
506 491
896 842
731 766
606 510
436 933
683 4
999 918
996 608
532 157
121 638
415 978
431 738
950 735
53 92
217 181
550 895
419 459
898 801
969 445
479 628
558 748
579 252
256 393
450 463
360 501
53 696
879 197
354 135
573 807
461 205
565 648
24 954
491 32
614 347
476 404
496 378
550 172
761 194
707 154
888 772
88 863
446 768
270 603
346 46
292 38
554 913
809 231
758 300
408 539
632 880
62 648
467 846
139 153
654 460
912 219
931 156
769 41
934 187
77 212
741 866
975 719
647 148
925 604
436 194
989 575
424 522
223 154
573 595
47 936
727 239
178 521
251 197
804 191
678 890
457 409
368 359
846 203
866 592
90 308
268 538
568 112
988 502
121 981
634 9
420 941
898 640
646 729
867 220
406 648
617 465
427 789
191 131
710 720
876 744
971 848
589 44
697 38
389 172
174 184
748 152
530 103
567 803
136 310
781 912
520 614
908 792
579 292
247 157
227 814
375 921
738 481
585 525
89 235
676 105
605 29
308 387
729 269
707 771
919 950
477 991
115 2
155 931
427 64
391 403
128 233
523 995
361 113
449 611
720 972
97 545
4 43
451 33
136 359
837 240
42 426
693 214
703 912
895 14
899 798
828 514
940 767
575 685
336 149
744 18
743 202
856 620
784 590
39 185
91 909
182 350
799 940
41 199
519 937
365 625
797 382
391 286
157 660
546 190
330 684
514 490
790 620
855 53
165 858
538 484
186 305
974 270
444 135
264 208
480 42
484 715
895 166
759 777
837 739
532 982
607 75
441 306
773 978
723 785
476 479
45 208
676 398
103 19
450 726
623 585
111 516
664 459
169 915
60 281
886 149
404 406
908 975
518 953
983 688
565 865
0 979
34 818
679 632
365 933
298 655
799 429
281 942
371 478
709 64
902 647
253 633
416 584
611 237
880 707
661 216
213 133
738 7
439 211
439 670
121 467
833 246
616 504
708 264
611 383
545 749
327 993
195 993
696 645
605 469
642 321
554 56
113 344
866 374
958 350
445 121
746 669
467 417
855 562
395 683
971 839
849 595
455 320
275 115
424 428
81 554
872 640
655 545
710 596
16 608
272 309
183 188
535 890
75 885
475 584
12 648
775 136
580 990
465 292
66 167
753 761
31 93
930 83
487 655
72 343
331 597
576 173
22 368
217 751
780 625
418 568
849 772
795 704
351 235
546 489
812 82
893 926
987 658
963 554
698 611
812 671
882 401
257 879
772 13
655 148
920 835
649 395
885 554
890 561
413 265
462 367
106 573
128 638
694 64
608 860
570 911
717 289
607 518
975 635
856 599
902 966
616 65
752 414
122 106
360 927
714 754
217 493
110 820
237 455
302 114
258 738
186 775
454 647
542 554
432 980
461 550
416 347
436 601
473 209
145 860
297 838
850 391
208 456
441 704
281 300
961 623
528 897
446 700
231 528
944 391
146 914
418 111
384 35
593 704
334 957
5 739
63 668
850 462
177 9
244 699
902 121
165 568
567 311
899 554
192 592
444 609
851 931
411 293
568 229
89 886
547 314
718 854
221 390
576 758
498 99
206 656
687 674
873 797
742 870
486 383
45 281
73 893
350 810
459 276
22 491
260 323
280 972
355 839
907 89
600 533
322 497
748 296
72 110
642 477
291 185
347 507
57 644
866 242
763 358
981 163
30 43
88 46
749 252
948 476
826 202
754 607
538 13
77 703
633 854
207 303
27 406
959 764
271 956
636 607
322 294
505 638
417 953
221 265
417 23
929 254
348 663
270 254
556 563
177 625
113 227
284 289
673 265
870 92
768 649
768 254
273 560
237 255
517 652
584 860
152 281
151 894
387 793
389 549
858 512
103 902
553 905
769 708
866 148
554 175
476 98
243 515
924 699
63 857
449 384
802 219
749 907
109 86
551 3
718 817
916 825
204 859
206 883
253 86
248 443
580 68
211 356
215 436
164 278
664 862
623 840
862 496
495 164
166 972
317 933
363 936
29 365
162 999
930 230
454 744
1 428
290 818
3 234
243 411
478 989
458 428
355 264
576 871
690 605
912 896
752 719
344 620
254 868
330 573
52 623
989 954
162 133
595 726
525 182
135 878
118 546
467 764
854 45
178 633
396 205
803 279
911 734
422 966
293 973
594 762
169 778
4 282
101 780
924 545
372 401
887 794
247 524
603 575
342 394
363 460
290 986
739 332
222 133
117 32
45 962
154 919
252 67
38 470
361 758
800 120
400 481
918 75
91 746
57 558
21 528
6 694
904 614
725 556
817 952
211 20
657 739
468 429
198 740
883 979
954 33
929 37
612 82
79 734
23 893
118 399
615 402
963 181
377 442
184 817
70 546
742 613
757 961
679 252
419 519
441 67
82 106
986 940
419 760
301 140
598 866
214 663
823 986
397 920
487 876
200 843
311 701
239 320
314 572
97 164
126 104
6 867
443 327
726 487
800 42
233 127
801 778
325 92
327 797
808 485
436 430
898 273
831 167
176 230
504 412
889 49
282 385
265 79
170 67
341 828
360 640
952 964
366 763
634 234
699 682
314 798
560 538
11 976
210 594
210 927
445 281
447 606
546 142
358 111
198 933
287 636
7 692
988 799
93 263
774 1000
429 897
80 670
392 843
45 111
763 499
602 450
155 278
454 472
827 926
504 758
848 846
406 746
174 630
466 855
429 353
69 612
654 810
252 331
1 972
890 40
202 272
276 993
481 260
260 688
541 278
162 564
752 912
802 140
657 332
181 833
51 575
148 821
221 948
132 224
117 942
832 982
390 231
926 608
601 420
490 749
722 402
417 840
387 227
667 962
36 678
465 921
744 999
815 659
216 715
804 897
784 788
790 724
882 740
573 135
630 88
192 825
817 555
692 254
68 763
452 816
254 714
291 55
692 187
693 85
497 119
43 472
427 953
686 823
302 285
30 230
251 64
168 440
972 603
877 129
204 519
886 634
494 444
814 440
376 89
703 660
765 695
507 171
553 639
546 915
224 972
995 634
977 4
682 804
523 176
299 743
191 6
541 463
374 983
928 387
989 466
531 80
515 567
551 870
370 674
348 182
763 841
105 392
977 344
524 145
528 271
306 248
947 896
639 131
215 198
231 489
346 403
23 357
830 847
647 879
409 735
230 939
625 414
162 2
306 881
218 130
53 702
122 937
897 470
246 875
59 859
504 100
32 887
359 705
138 297
550 457
203 171
591 66
334 612
557 708
269 23
870 191
726 526
820 10
197 815
73 222
695 495
384 196
611 391
813 831
555 190
867 891
502 675
47 251
564 23
965 991
12 769
950 780
274 50
665 486
421 621
354 929
557 539
832 625
67 304
120 323
756 385
504 45
69 917
86 454
595 156
588 828
490 164
97 418
940 674
704 699
941 322
780 59
671 361
939 300
396 231
622 615
901 980
809 307
884 264
349 332
404 915
610 168
907 335
216 672
547 804
736 539
877 32
158 292
745 26
915 241
498 281
545 702
672 24
965 984
160 492
52 253
434 784
237 274
990 293
520 92
401 668
61 633
78 521
596 100
634 972
5 197
68 938
226 833
234 446
325 458
897 729
552 204
764 642
94 52
949 49
596 286
427 630
781 753
908 511
241 163
958 904
108 715
418 328
295 567
132 107
3 863
7 500
810 559
981 247
232 621
875 773
17 970
343 257
236 346
866 115
493 784
378 924
295 388
830 145
371 665
500 608
996 473
606 299
9 37
160 649
421 77
80 508
31 643
290 890
238 540
149 788
60 260
767 536
8 183
103 789
240 875
51 977
602 108
209 382
113 406
313 572
665 980
884 261
153 66
607 568
688 595
467 235
717 512
655 49
697 787
91 564
901 779
354 661
13 435
579 779
874 921
763 429
908 325
505 397
162 950
704 717
201 625
626 841
952 716
330 855
717 937
460 470
818 108
615 244
298 623
766 687
141 707
456 342
441 31
77 197
150 206
499 143
745 592
860 340
727 271
195 278
289 256
953 310
388 79
455 738
383 769
243 146
559 181
678 987
726 699
905 566
234 102
187 842
584 771
366 836
498 521
321 743
148 128
161 703
880 651
972 852
459 958
740 850
872 448
779 40
6 665
305 532
450 106
178 423
296 449
604 911
91 433
257 681
590 917
437 971
270 47
758 874
792 955
115 393
623 391
836 125
519 728
233 960
425 227
253 413
1 684
554 848
797 595
636 480
39 920
501 510
283 362
410 798
986 305
971 242
718 834
156 441
756 347
59 573
150 830
525 162
138 753
789 521
124 29
966 124
401 971
988 9
218 67
516 315
131 264
295 435
92 947
376 428
671 20
325 962
513 833
328 271
401 431
93 732
638 930
404 25
420 58
387 845
447 453
32 397
433 116
162 682
142 315
660 202
309 484
661 127
578 97
131 38
774 182
706 426
815 16
764 774
447 42
325 681
640 800
861 978
56 498
824 888
276 834
843 613
298 339
544 978
446 150
729 320
214 146
948 169
154 640
606 595
19 343
148 207
490 66
731 847
337 146
428 532
286 608
360 695
879 721
329 885
0 819
644 484
296 892
990 737
439 2
495 97
151 532
427 897
647 146
563 886
341 587
467 60
90 845
500 578
882 938
684 738
261 703
225 694
196 92
706 649
999 424
216 795
351 20
986 892
434 529
792 202
901 803
756 167
96 906
763 2
775 617
685 814
855 594
469 718
491 327
860 415
834 478
954 155
594 130
632 49
942 594
300 505
304 866
30 150
704 811
108 452
398 463
455 305
45 702
481 350
852 654
19 659
873 941
432 345
384 926
329 719
774 594
203 716
937 392
238 690
150 325
265 345
615 510
873 235
713 63
289 106
442 487
755 203
294 453
240 154
766 507
835 932
724 492
429 259
486 811
407 776
788 702
517 979
223 404
793 224
776 104
900 299
460 958
367 723
708 501
508 526
430 297
981 483
732 934
468 238
661 25
537 235
60 753
810 644
190 451
11 809
991 786
110 293
822 4
418 214
679 208
511 23
683 149
705 893
101 791
138 201
395 912
654 732
568 179
930 979
716 91
521 392
917 587
153 870
928 977
356 602
940 660
180 902
371 683
897 615
218 615
915 311
632 899
341 689
207 529
832 513
284 277
429 194
729 17
710 93
325 497
188 988
770 338
609 772
425 297
560 630
832 971
100 394
744 143
212 563
85 299
950 565
366 598
921 592
77 695
498 3
85 409
814 627
161 142
729 307
784 253
768 530
159 913
382 779
381 769
147 130
385 483
204 369
577 359
816 302
425 25
909 96
714 639
697 208
1 419
110 648
810 170
614 106
500 193
984 270
998 28
215 704
553 324
592 596
930 184
113 461
115 938
495 389
8 997
171 339
762 537
811 283
924 293
544 641
324 371
841 687
878 499
806 380
476 887
895 473
963 258
5 622
27 296
561 739
139 564
393 369
31 994
399 467
234 183
367 755
253 899
54 234
469 224
594 650
846 764
25 240
888 72
872 973
744 770
435 399
927 590
235 649
127 399
166 336
735 667
830 4
130 630
650 340
315 830
924 397
464 875
621 831
361 217
87 857
953 842
937 896
935 781
175 626
884 291
922 87
562 888
997 972
321 785
105 220
106 210
986 383
703 693
181 159
702 701
362 716
883 296
28 273
461 884
160 428
906 707
447 124
486 836
382 82
676 614
823 10
566 740
811 137
646 415
707 690
904 671
852 896
689 34
587 840
674 131
801 777
291 688
771 177
839 93
95 735
665 909
206 540
908 849
998 135
194 60
80 715
773 697
631 917
245 880
47 905
213 497
105 536
841 499
289 926
539 523
37 521
253 367
770 468
741 549
27 373
190 899
626 971
232 192
766 567
179 430
120 266
195 653
110 620
860 783
469 671
844 593
221 912
186 753
973 947
967 342
145 118
49 367
946 1
486 275
380 654
659 306
989 424
662 374
922 483
112 436
278 527
390 512
834 852
602 168
395 154
508 835
622 736
984 103
111 700
610 357
738 302
741 989
389 389
869 777
306 222
506 955
86 120
566 438
326 124
493 335
325 659
41 252
481 225
886 68
155 305
587 642
600 418
998 813
450 130
602 476
658 424
104 361
808 581
181 717
58 402
594 482
884 471
729 723
780 994
599 124
708 722
506 86
346 393
218 959
946 927
148 135
506 302
169 30
23 367
174 162
782 1000
858 89
811 426
949 398
971 775
349 463
789 122
41 559
460 666
210 581
120 421
488 285
583 4
431 898
432 448
604 782
352 105
935 305
106 422
295 86
558 962
150 703
279 167
407 978
376 276
265 346
661 847
871 324
582 722
939 398
988 491
71 449
548 976
898 693
175 546
497 158
885 456
183 669
370 563
416 350
101 321
967 60
608 574
128 195
771 635
867 120
542 399
425 404
49 444
175 25
964 549
189 65
215 17
842 981
93 939
668 884
433 196
709 97
259 133
714 898
987 579
767 924
204 308
77 840
851 63
597 346
228 178
102 449
357 839
411 492
103 295
531 677
987 496
716 786
317 743
113 886
60 515
471 610
121 478
851 660
945 273
451 600
707 840
344 115
146 835
678 509
644 104
536 625
846 921
647 871
987 563
463 263
526 76
33 808
177 854
3 221
604 603
914 210
753 890
537 821
520 164
4 769
60 230
795 566
423 969
337 69
586 298
677 550
820 543
532 287
861 447
458 851
648 767
521 631
276 733
903 755
116 551
65 595
27 900
292 955
321 60
249 591
52 335
566 522
988 505
570 140
44 889
152 978
63 73
825 950
729 838
701 311
552 116
381 630
626 368
348 975
44 464
812 797
111 303
467 705
145 36
677 876
569 650
436 663
234 582
365 34
403 509
867 247
776 715
154 374
908 947
436 958
654 748
586 341
235 897
508 33
491 622
384 292
198 371
566 25
938 598
906 745
373 19
981 622
925 305
195 524
726 727
57 383
495 544
866 916
777 668
868 912
664 83
618 647
48 64
285 216
933 256
658 1000
491 825
163 676
537 60
403 405
811 112
960 854
661 495
214 218
744 45
464 463
653 792
256 886
503 587
181 355
487 984
589 368
75 317
493 998
311 99
65 995
419 510
372 552
120 449
648 726
451 598
306 417
35 101
816 640
384 315
56 642
994 233
631 177
413 410
45 68
781 634
790 137
218 488
785 533
553 784
178 550
537 404
258 66
810 535
296 861
152 363
754 37
745 710
655 839
513 561
361 0
877 855
307 124
329 833
381 520
419 823
811 105
152 37
761 505
893 469
106 30
908 31
712 598
382 226
159 482
513 743
56 961
327 459
516 31
19 545
398 45
719 823
777 58
463 699
325 972
674 489
979 943
324 229
876 570
343 246
666 533
274 100
67 917
756 686
131 72
414 707
904 712
282 36
728 471
528 724
156 525
160 990
867 357
142 23
63 652
550 325
952 724
280 170
810 197
385 579
5 170
741 709
424 927
559 505
706 607
312 773
525 708
161 103
406 953
487 434
273 53
191 93
286 823
632 577
504 893
7 150
991 849
221 28
177 228
946 490
14 945
515 825
666 96
81 576
95 297
597 989
771 987
32 486
418 889
200 828
863 419
422 849
43 678
227 69
560 64
375 893
86 855
510 965
144 639
605 467
83 228
30 318
795 816
61 385
707 946
870 34
28 129
104 82
875 494
584 348
96 140
55 167
711 388
577 120
951 795
500 22
963 237
273 110
195 714
1000 844
548 846
651 595
572 994
646 994
708 376
463 649
979 992
245 15
467 245
31 512
750 797
971 679
823 670
627 636
285 384
201 726
64 115
598 614
709 818
319 111
213 221
857 199
152 826
695 21
787 236
420 963
74 875
99 826
615 855
744 847
949 31
987 236
160 662
627 240
557 714
203 418
422 511
116 446
426 441
816 476
500 57
959 635
200 664
725 913
730 715
270 590
509 217
926 806
75 691
595 72
190 790
213 759
266 401
621 462
380 618
676 580
219 812
381 885
420 48
828 149
730 142
96 506
463 114
943 265
893 804
378 678
734 646
604 297
849 883
903 911
610 800
88 437
393 680
304 424
728 579
179 984
55 181
184 397
785 836
538 842
633 738
261 481
282 467
61 717
106 255
216 30
252 319
16 592
642 115
537 996
148 504
12 537
478 354
355 62
747 998
291 816
68 183
50 998
930 99
133 920
18 767
511 798
538 660
526 689
211 713
589 273
894 515
660 63
405 923
185 409
848 786
206 411
192 633
668 15
523 321
193 169
140 659
753 989
30 339
565 433
588 297
898 113
628 173
749 886
709 519
280 125
970 844
754 827
857 312
159 112
941 588
696 303
394 140
914 743
194 946
208 583
629 202
756 966
245 102
779 303
971 465
297 199
929 193
654 733
416 508
967 291
970 5
735 328
366 112
702 462
407 381
62 759
600 623
84 718
752 617
195 991
125 428
587 449
109 306
736 458
678 429
470 108
537 66
40 766
477 164
207 528
326 417
599 51
361 832
488 856
140 577
159 882
608 57
554 336
442 316
827 819
407 404
807 334
695 421
263 720
178 636
396 208
839 188
76 757
678 817
810 450
367 914
473 206
299 49
737 689
906 420
387 581
874 471
560 625
15 465
152 739
108 742
38 926
846 819
846 769
439 757
170 948
778 379
11 397
621 74
417 935
936 3
732 476
919 848
134 865
379 550
796 950
142 10
19 483
851 288
701 654
334 916
152 715
928 396
172 169
501 109
84 880
985 906
948 428
770 988
734 405
189 625
296 75
23 40
103 830
172 499
268 322
997 494
865 378
67 18
909 978
566 232
195 174
736 617
383 478
275 449
305 48
843 539
957 966
90 771
357 767
708 809
247 703
341 832
454 616
271 53
825 454
510 829
839 519
95 172
515 976
29 227
50 287
564 224
724 812
512 931
515 78
549 711
700 677
332 975
257 229
621 975
303 928
567 695
153 777
914 263
329 317
365 220
213 255
459 468
100 919
936 246
544 926
926 818
319 32
581 669
981 561
30 614
839 835
623 429
753 646
937 673
111 194
600 222
764 708
632 411
6 426
527 315
38 553
999 754
491 491
359 659
14 26
799 909
788 339
993 480
540 488
596 59
739 259
119 196
157 817
136 886
926 82
645 508
15 57
378 147
111 574
439 119
424 127
904 937
135 524
688 443
248 24
48 986
893 760
147 597
658 232
469 972
626 990
294 398
882 726
461 876
662 922
7 416
971 583
220 873
397 911
544 68
604 662
825 940
327 25
682 56
441 256
920 920
646 149
117 48
870 982
409 802
590 159
29 68
759 969
214 543
923 738
87 178
491 349
895 140
287 629
151 721
264 811
425 146
122 611
196 891
607 927
879 989
625 726
261 673
685 761
574 819
513 553
226 645
579 750
488 526
730 21
97 22
270 112
163 941
111 99
370 590
225 305
189 352
235 93
928 902
447 726
215 785
50 115
873 700
859 101
861 686
326 140
914 853
607 736
496 679
266 900
188 229
332 421
820 328
49 297
403 121
335 944
604 983
109 271
935 983
170 149
61 450
796 174
635 510
566 807
250 525
342 127
896 194
74 969
743 95
938 95
686 8
373 449
798 233
250 195
587 192
181 995
864 805
665 193
938 33
721 439
806 999
815 878
745 403
981 594
528 754
360 985
677 388
36 937
608 431
20 152
187 335
425 3
351 592
814 845
85 510
466 559
840 200
964 520
145 794
937 549
665 598
459 866
265 687
941 310
11 746
653 183
766 847
892 971
839 1
240 404
863 304
892 433
645 344
922 168
82 189
576 256
546 748
11 270
394 727
152 509
343 237
833 799
730 845
438 597
293 291
370 576
394 895
632 765
615 687
528 406
301 238
705 224
616 588
384 14
671 580
576 560
294 983
25 668
336 719
152 972
42 187
908 599
232 496
40 382
712 954
486 261
667 235
586 991
109 844
438 887
83 202
608 204
190 318
67 907
231 900
837 825
857 894
891 360
608 234
360 136
797 210
734 854
686 72
68 582
229 126
728 766
307 965
876 462
645 322
811 860
675 389
7 44
818 637
476 276
748 75
307 525
550 140
224 350
112 99
748 894
743 693
120 221
138 452
525 867
873 965
378 736
252 604
640 195
308 734
510 438
644 685
425 562
574 145
244 732
850 979
361 60
559 905
277 875
68 479
117 611
468 465
508 179
203 202
419 241
721 265
242 996
902 998
616 97
463 227
463 350
81 647
103 199
251 198
676 101
660 167
880 512
409 451
332 683
539 517
591 964
302 527
248 832
926 166
729 362
620 962
29 443
35 441
255 647
911 891
312 817
8 42
82 782
513 458
507 268
103 421
364 688
399 83
720 152
10 48
846 1000
525 301
8 185
135 803
135 494
963 249
84 825
430 734
70 803
234 880
331 325
534 175
366 216
993 562
441 407
524 516
279 975
321 711
961 971
262 919
17 816
159 629
272 338
127 714
39 227
442 110
978 547
172 768
600 81
380 99
1 911
954 133
440 440
481 138
81 622
638 408
362 872
456 344
236 833
33 231
900 488
4 165
776 214
851 484
606 597
908 24
48 873
17 739
363 180
18 777
413 905
113 122
754 968
884 319
65 255
313 286
472 690
850 450
662 550
494 7
740 578
776 308
83 911
217 555
695 6
952 160
110 87
738 250
593 722
957 348
366 632
134 648
3 21
322 488
752 110
562 386
568 549
897 100
972 536
113 994
644 666
739 73
44 446
902 653
600 550
192 329
637 601
547 337
78 49
72 783
628 855
417 734
223 551
627 415
444 304
468 353
337 928
861 995
24 820
266 492
124 995
567 756
884 509
630 998
867 852
994 248
400 380
356 575
157 539
543 860
142 31
761 452
474 641
436 504
737 858
664 422
495 574
646 10
408 901
116 683
422 144
689 994
881 105
49 376
928 208
286 639
768 863
696 172
906 385
75 338
907 10
812 585
39 514
152 52
188 690
135 469
653 770
875 382
880 838
568 358
987 242
290 587
165 563
290 19
832 171
864 128
246 839
579 851
279 986
799 633
394 765
803 177
785 622
899 600
592 230
225 377
62 142
319 467
907 354
833 887
585 950
531 718
533 702
843 930
515 402
349 928
274 653
611 782
146 824
864 34
982 413
944 88
178 705
451 549
160 257
841 237
469 692
262 650
469 626
793 820
203 798
314 887
832 307
227 56
561 161
300 403
840 798
576 83
752 565
586 628
970 129
610 293
494 791
632 703
906 71
707 303
621 898
674 956
581 682
932 274
864 440
905 2
335 390
427 161
215 652
581 576
808 22
621 94
513 381
131 570
650 461
992 476
98 906
314 56
315 788
281 305
262 765
969 845
878 711
251 914
286 34
71 537
754 7
241 533
314 894
113 820
686 14
210 959
281 350
526 969
263 733
394 195
964 638
365 578
844 878
450 800
61 798
182 927
228 687
246 207
781 517
719 856
549 116
90 798
933 403
413 809
576 713
884 495
498 555
581 585
855 62
206 146
370 471
382 389
861 851
416 877
611 449
909 940
338 868
27 743
447 365
196 793
729 449
675 198
782 468
948 869
678 113
883 564
388 384
496 620
408 777
225 597
137 731
509 72
391 858
675 973
914 740
203 598
534 654
883 784
846 577
741 474
192 31
193 955
175 119
638 153
959 865
34 932
146 682
382 475
257 597
459 969
404 217
991 871
375 819
26 396
28 119
599 392
620 19
713 183
15 444
53 548
436 476
186 586
827 31
942 610
483 132
928 834
191 618
893 635
364 165
968 67
604 612
219 532
472 135
961 277
476 738
495 126
194 173
120 975
851 965
900 632
581 793
214 809
138 750
345 609
115 53
678 822
54 139
180 213
667 573
973 490
225 276
426 290
906 735
779 295
63 358
546 550
176 261
269 483
599 393
626 773
336 500
112 772
580 721
654 568
77 518
26 552
581 405
598 983
489 12
346 601
754 362
596 972
705 918
523 773
599 203
820 735
832 596
549 781
409 347
1 879
308 669
664 835
353 510
910 285
957 739
409 53
962 37
329 456
228 466
280 803
513 725
990 751
78 956
761 280
335 501
542 328
411 966
377 39
32 966
531 642
87 928
802 609
36 323
14 864
708 353
903 552
613 733
742 421
513 498
15 983
380 171
806 966
53 993
534 433
690 164
742 674
495 31
668 424
118 649
592 124
211 588
250 68
32 255
547 637
641 974
271 750
71 765
755 907
136 737
385 383
611 536
441 842
206 476
905 142
713 72
336 331
699 429
242 528
258 301
166 866
760 866
18 604
45 115
854 779
483 524
199 763
213 914
342 384
87 953
728 231
493 835
11 451
621 752
71 759
274 502
646 662
117 364
963 869
247 945
692 727
732 900
956 419
879 386
80 829
81 638
648 451
779 995
262 611
764 962
726 649
703 733
730 11
586 308
142 949
784 686
915 119
240 397
657 176
187 118
372 22
134 228
705 619
653 930
787 230
359 570
730 186
288 445
806 554
92 9
112 727
911 719
955 999
218 862
117 938
502 6
708 725
529 237
12 331
913 251
686 565
437 302
496 560
478 47
10 90
320 724
305 249
781 889
138 973
456 164
486 95
892 950
110 144
35 245
54 691
64 873
202 213
313 427
508 258
542 426
831 276
858 187
190 57
317 687
836 993
926 56
14 642
267 877
739 552
201 68
988 164
220 94
478 329
785 661
34 0
407 983
157 992
229 211
959 384
765 481
179 441
953 931
210 408
918 319
457 901
70 646
569 183
276 689
81 785
818 395
712 909
729 881
531 189
912 701
642 693
937 864
629 989
813 294
164 821
816 999
394 602
839 11
434 757
642 398
114 353
440 703
506 756
439 68
351 486
580 905
778 292
869 816
199 115
304 201
904 140
343 680
542 497
316 180
572 373
610 160
574 906
290 616
904 807
932 82
465 346
965 834
965 157
330 597
143 283
218 867
459 926
995 623
392 256
66 427
825 944
281 779
1 390
454 344
257 487
791 780
217 955
259 53
868 385
912 974
781 875
216 40
451 886
736 815
572 970
394 618
207 362
923 45
31 137
282 264
323 487
503 160
732 768
309 975
679 157
242 564
973 384
866 602
25 42
349 902
962 454
928 917
508 528
88 860
128 45
54 943
346 668
992 999
737 239
166 635
502 729
685 7
479 472
617 849
636 384
963 944
686 511
512 8
17 622
759 678
529 405
655 674
899 482
666 558
630 279
425 449
501 161
763 178
193 731
441 794
910 376
602 809
622 70
89 922
253 132
592 544
384 997
891 342
739 998
42 90
867 240
957 537
778 867
414 265
874 739
282 132
268 469
95 572
490 709
324 286
110 208
148 771
421 230
729 417
170 983
763 453
930 378
817 480
432 27
335 376
659 483
770 761
933 795
949 122
293 444
599 675
242 75
855 998
388 843
705 287
852 941
467 850
393 494
675 739
969 591
128 622
501 27
882 708
349 416
59 845
832 465
639 953
378 935
871 958
867 67
862 827
683 522
478 154
192 634
572 850
387 52
930 75
70 960
198 21
289 792
935 915
424 210
466 168
155 936
209 589
700 199
531 693
0 374
110 529
293 618
239 375
96 532
582 719
614 161
652 768
193 680
446 328
290 869
490 533
486 546
492 817
1 92
700 736
422 311
186 525
650 188
959 577
122 911
709 457
124 292
213 666
108 686
417 140
421 595
932 549
989 564
645 781
27 953
101 84
467 236
43 374
483 536
287 441
859 40
201 371
934 912
494 125
773 67
702 123
280 894
426 229
28 524
500 985
176 959
775 849
729 805
215 943
325 135
571 940
825 416
551 338
718 742
645 153
593 728
674 561
944 623
871 444
981 17
427 118
214 586
360 581
436 752
254 859
87 740
645 298
296 802
652 898
151 613
980 602
172 551
671 869
637 462
175 618
86 494
308 588
875 622
105 344
312 994
661 976
705 669
904 891
639 177
392 453
550 829
411 790
241 233
322 199
26 703
307 754
785 966
935 460
43 675
100 411
745 375
211 248
266 824
690 893
96 632
622 256
575 659
660 37
880 757
572 135
517 439
24 330
480 215
388 800
652 738
597 820
502 119
340 150
178 793
911 148
325 17
842 141
292 174
609 996
388 183
620 687
10 635
118 829
671 185
757 986
749 351
772 302
57 810
934 708
23 496
560 106
979 422
790 32
946 600
708 584
267 956
785 33
968 799
605 107
323 832
311 846
572 852
167 490
297 351
867 816
401 396
762 141
525 223
817 945
146 444
817 66
698 347
366 757
989 808
391 781
557 25
408 48
797 554
192 914
820 810
729 928
487 421
471 111
700 832
536 598
536 677
684 412
623 636
919 134
460 995
806 872
450 294
251 443
22 580
308 501
40 651
916 756
440 165
204 134
866 641
922 802
888 441
311 575
169 331
466 243
358 45
160 36
696 545
717 179
626 798
202 521
777 497
494 587
459 761
100 966
727 124
840 758
31 494
967 557
473 281
0 135
956 36
636 814
0 4
940 491
375 134
766 818
449 305
731 605
143 12
290 720
475 97
259 515
371 381
498 847
404 401
281 472
815 761
232 661
675 990
450 599
745 258
180 7
994 918
384 362
831 426
983 62
135 742
649 24
286 257
821 826
732 318
110 581
335 699
185 626
516 722
848 872
26 137
743 889
373 254
652 701
637 332
257 483
893 868
1 605
594 44
772 97
853 12
497 164
196 390
649 653
427 874
339 563
581 901
120 78
304 490
479 169
292 406
658 917
972 979
705 712
600 472
389 314
634 324
373 272
46 611
103 139
620 887
969 742
17 17
399 698
148 506
951 396
152 434
997 38
464 798
603 556
33 497
108 851
415 337
914 432
129 467
734 371
87 955
408 150
675 290
357 706
837 387
910 75
444 812
793 655
681 468
700 80
912 324
669 268
779 22
661 717
585 765
218 766
931 796
915 358
554 160
438 353
309 594
169 70
293 536
740 651
561 210
65 405
263 270
748 238
806 700
930 618
15 118
665 332
241 737
151 916
95 276
74 133
857 175
51 352
325 641
875 811
750 162
588 9
698 396
311 281
656 737
939 433
411 513
266 650
504 145
949 578
649 208
73 156
716 165
807 731
476 586
702 778
688 313
944 78
449 928
138 982
855 376
896 787
428 346
859 893
897 661
20 921
440 210
890 635
387 727
651 386
84 875
857 263
875 928
51 928
659 578
716 561
736 298
646 972
22 715
24 662
222 537
237 273
65 212
579 645
247 196
671 299
774 688
766 474
731 212
531 486
970 10
292 18
239 318
574 546
594 219
167 391
667 230
425 759
743 307
691 834
764 321
858 612
195 966
253 547
995 924
474 166
844 489
519 742
832 863
377 746
155 513
891 283
543 626
566 305
108 44
181 354
863 794
419 437
95 891
131 690
776 232
649 894
37 746
264 476
673 906
428 650
971 749
681 736
938 75
812 795
418 778
598 879
696 710
507 35
508 437
269 625
697 288
916 518
68 857
333 916
9 327
537 472
601 188
102 526
610 575
110 331
648 672
92 817
401 489
678 477
274 450
847 899
97 16
830 258
192 974
337 212
599 195
177 216
432 757
552 60
772 671
978 58
246 389
854 545
426 841
6 142
246 185
943 933
12 238
839 808
72 362
14 307
547 324
842 301
187 746
111 95
848 375
404 445
151 110
724 412
817 428
869 369
711 732
176 405
685 11
36 331
361 753
554 959
567 766
701 956
775 977
499 764
544 527
851 765
319 590
567 399
987 262
810 429
648 114
101 961
962 659
543 608
86 576
543 775
696 350
952 640
457 366
536 210
774 678
60 221
279 488
445 277
670 822
268 306
207 26
548 921
625 281
689 857
772 985
149 972
523 589
780 341
856 734
581 644
801 662
969 257
768 404
453 914
630 815
594 273
996 624
557 870
851 335
686 705
157 919
748 811
303 649
714 919
181 460
901 563
903 342
111 314
874 849
961 830
840 43
356 94
311 3
487 837
371 300
957 525
300 349
375 881
835 890
432 408
838 335
524 286
510 161
261 167
938 625
760 188
481 506
693 860
501 444
926 802
410 860
51 654
123 168
516 91
818 978
403 13
422 236
794 966
814 151
1000 207
230 366
320 8
31 875
522 178
750 586
509 445
145 807
111 916
292 594
169 584
828 636
914 961
973 231
62 875
601 589
194 13
231 453
31 248
588 79
988 269
680 230
804 790
112 536
384 605
723 72
355 559
963 739
378 321
912 452
859 536
341 200
254 66
532 833
493 325
954 937
760 730
122 795
973 977
350 474
10 729
928 927
301 243
156 557
227 597
89 758
968 898
517 926
349 850
138 523
122 168
637 969
174 498
603 652
929 657
695 84
950 708
956 980
990 319
279 630
573 696
240 254
617 839
158 621
983 217
596 647
289 821
52 727
364 724
974 429
681 225
832 371
650 454
875 465
720 427
321 143
502 307
893 641
396 228
967 784
16 666
56 919
811 772
646 593
740 880
776 687
222 512
264 57
525 129
356 391
696 743
470 214
897 570
140 297
644 196
719 383
224 903
499 869
850 71
333 945
339 716
914 890
450 719
490 544
162 453
842 547
146 212
554 233
720 172
774 324
116 780
834 750
428 717
503 11
165 660
231 589
69 856
626 429
110 813
273 223
396 989
459 161
978 924
616 902
724 201
358 15
503 743
325 795
909 91
215 188
241 790
195 462
621 47
204 1000
589 225
579 942
29 38
356 938
947 914
796 956
557 210
858 913
456 919
220 330
129 624
683 41
860 907
960 263
781 613
63 861
512 191
490 119
823 347
892 360
169 426
434 940
562 227
564 662
85 224
433 839
253 649
200 778
455 50
663 814
904 136
502 53
375 705
943 164
466 744
621 564
675 81
514 859
213 599
335 711
368 491
461 303
170 228
636 860
621 709
597 797
365 240
631 364
595 887
614 49
797 719
559 912
874 700
598 693
201 65
512 321
731 993
698 571
753 873
347 565
279 938
276 194
961 305
317 715
232 713
908 493
490 129
805 59
899 615
517 60
704 375
208 748
759 622
266 741
191 509
453 335
123 411
341 448
397 931
54 588
382 841
491 745
799 767
827 115
974 198
225 18
297 509
463 857
62 317
301 872
640 451
949 71
399 816
385 310
788 187
437 275
220 901
40 374
887 330
192 372
600 678
927 837
840 117
289 977
913 977
972 626
440 355
955 843
833 796
118 956
887 870
484 737
802 612
377 705
670 977
90 239
399 342
592 677
174 481
666 865
77 35
242 431
389 487
120 133
133 359
619 790
469 79
242 630
770 707
787 227
438 934
61 559
746 142
672 33
284 370
657 390
509 339
881 266
517 689
477 778
573 773
760 633
872 670
376 665
177 25
12 619
266 54
731 733
165 418
978 461
319 681
746 499
472 533
533 276
880 567
555 753
957 941
856 801
106 982
953 951
363 352
317 572
60 446
79 578
63 979
856 138
126 579
571 810
128 176
682 763
3 720
63 661
299 268
45 341
287 93
235 199
332 775
69 379
843 554
83 814
882 964
826 666
853 329
31 525
622 416
430 198
683 819
828 883
903 713
975 972
959 459
483 753
763 436
183 362
142 496
83 84
474 662
38 405
784 695
261 921
355 649
489 657
573 217
283 94
446 702
178 776
492 810
287 768
623 602
143 136
366 255
946 617
615 538
335 217
816 681
390 107
370 422
856 12
305 94
323 395
507 661
271 828
432 121
228 878
362 428
348 385
260 616
558 910
170 567
143 24
670 423
726 704
547 869
363 912
769 291
699 254
124 258
186 727
155 908
561 897
835 629
639 246
164 203
145 268
626 306
476 653
330 256
131 378
690 458
114 613
6 357
825 737
228 477
263 131
158 538
802 284
344 39
604 912
589 878
897 77
20 916
93 554
810 665
453 109
100 151
688 800
928 362
531 362
951 525
221 933
862 717
168 473
386 304
169 403
559 184
961 652
763 469
504 465
361 629
89 211
967 216
910 961
722 756
662 228
4 535
60 1
278 72
997 763
45 158
563 503
945 912
174 450
316 597
853 796
949 632
567 57
632 60
740 293
408 6
755 855
653 730
907 739
140 56
970 302
753 950
684 563
419 989
388 607
547 400
686 456
963 197
318 331
343 837
931 291
308 451
458 775
789 636
977 679
349 970
392 852
109 710
102 642
855 64
522 201
968 828
128 894
865 651
374 17
573 528
573 987
425 653
281 715
321 556
118 916
305 298
237 771
509 970
241 692
712 970
5 22
763 133
601 34
874 235
88 448
469 274
252 902
775 702
398 790
681 154
681 365
550 653
37 183
314 187
753 224
445 545
448 957
598 305
947 123
90 415
701 805
608 171
918 328
612 56
667 72
388 34
190 914
565 819
864 641
503 44
127 455
537 612
604 626
902 575
542 584
483 318
502 590
138 847
902 475
970 67
881 467
15 391
316 175
336 302
164 85
511 803
793 643
258 635
681 321
834 304
999 590
802 691
301 664
472 956
676 645
734 948
510 503
441 204
20 878
886 531
592 990
156 859
251 741
674 879
270 553
767 725
109 917
184 223
174 608
60 965
629 217
43 145
580 806
890 122
580 593
667 218
770 372
452 594
535 515
114 691
973 957
460 631
150 774
963 410
728 740
981 402
837 968
801 826
680 558
863 584
517 389
21 96
61 9
438 214
483 180
621 827
379 560
289 808
342 167
825 129
44 960
275 749
719 179
204 535
445 848
981 782
727 307
413 135
896 570
694 470
809 661
314 598
166 479
115 411
842 108
707 191
818 998
857 129
472 278
744 920
604 994
166 101
434 620
792 969
479 486
462 426
789 921
342 497
56 677
129 530
478 639
641 838
145 687
159 287
532 144
201 218
19 63
865 632
369 585
206 357
212 698
173 601
282 810
970 818
1000 963
105 540
714 972
198 52
327 389
644 345
93 973
994 642
973 676
334 457
617 643
317 858
999 663
232 527
378 856
679 652
285 890
666 214
812 934
744 191
318 406
449 325
502 457
895 938
253 120
608 105
599 905
57 136
404 561
955 675
577 180
668 440
98 775
999 352
355 290
840 407
825 709
179 80
824 230
146 997
789 125
607 922
3 341
350 491
940 690
82 198
810 921
998 269
598 774
675 581
252 167
968 180
541 996
773 197
114 333
920 552
187 46
463 364
83 591
348 252
723 541
142 760
305 988
933 723
399 203
754 317
93 887
459 340
938 513
136 150
707 58
104 5
290 373
212 640
859 151
751 502
473 766
106 801
661 832
967 812
782 686
870 480
191 250
528 34
433 962
395 151
490 590
734 912
454 45
295 253
575 64
795 99
781 461
615 436
775 516
54 460
505 11
811 805
641 716
235 485
91 120
248 85
934 874
313 38
704 907
77 592
937 569
151 116
617 733
192 880
708 694
547 230
824 742
604 826
606 505
509 15
770 411
148 750
520 452
938 959
78 401
941 418
284 272
983 875
245 357
897 593
54 398
537 762
931 123
622 522
400 761
690 369
813 232
10 602
615 787
157 324
68 468
855 856
14 413
570 628
471 36
273 229
79 357
433 941
266 561
24 7
793 173
812 621
806 815
119 534
29 778
107 122
468 715
837 627
658 208
298 413
326 98
881 86
438 157
336 120
488 910
526 765
590 402
